 

 

 

 

t a b ul a.
ι quamquam quasi Ι 1 t ut tanquam Ι
..α - 1 - - 1 1 ‘2
apud — — 1 1 1 3
cum — — —— —- 1 1
px —— 1 2 - 1 4
{n 2 2 9 3 6 22
mt 4 — 1 — — 5
per — 5 —- —- — 5

 

VI. adiectiva ita usurpari possunt, ut quodammodo
enuntiatorum secundariorum vice fungantur. cf. dial. 5
qua ferae, ipse securus = cum sis securus3 8 quod, neuter
eyn-eqius, potentissimi sunt = quamquam neuter egregius
est. of. etiam τ 8, 22. 27, 5. Agr. 6, 14. 17. 18. 9, 6.
16, 21. 18, 15. 27, 4. 31, 19. 35, 15. 37, 1. 40, 4. 19.
43, 13. G. 2, 7. 6, 7. 10, 13. 29, 12. 31, 11. 46, 20. hist.
I 9, 2. 26, 13. 31, 8. 46, 11. 62, 8. 64, 20, 66, 13. 67, 10.
68, 8. 70, 8. 78, 7. 83, 7. 88, 9. 89, 2. hist. H 1, 6. 15.
2, 9. 8, 15. 10, 9. 12, 8. 18, 5. 19, 11. 20, 13. 21, 3. 7.
23, 12. 22. 24. 29, 19. 40, 10. 42, 15. 44, 23. 46, 1. 48, 3.
56, 4. 57, 1. 59, 7. 9. 11. 63, 2. 12. 13. 65, 3. 68, 17.
70, 19. 71, 11.12. 80, 13. 81, 8. 82, 12. 83, 4. 7. 84,,6. 11.
86, 9. 90, 5. 91, 5. 9. 92, 5. 92, 19. 94, 5. 12. 97, 4. 5.
ΠΙ 8, 17. 9, 4. 14, 6. 18, 14. 22, 4. 26, 11. 29, 11. 34, 7.
36, 7. 38, 2. 39, 9. 43, 15. 16. 46, 5. · 80, 6. 10. 52, 7.
53, 3. 55, 7. 16. 56, 5. 11. 57, 5. 58, 4. 6. 62, 13. 65, 2. 4.
69, 27. 70, 22. 75, 2. IV 3, 12. 10, 4. 11, 6. 14, 1. 4.
16, 7. 19, 12. 21, 2. 23, 13. 22. 24, 4. 5. 26, 1. 29, 12.
39, 11. 16. 40, 3. 41, 10. 48, 6. 49, 3. 61, 7. 64, 21. 67, 4.
68, 39. 69, 17. 71, 2. 3. 10. 72, ll. 77, 9. 80, 4. 83, 19.
84, 2. V 3, 10. 5, 7. 17, 12. 19, 5. 6.

ann. Ι3,19. 4, 3. 6, 2. 7,10. 11, 19. 14, 5. 20, 11. 12.
23, 3. 27, 10. 28, 3. 31, 14. 32, 11. 33, 4. 39, 4. 52, 8.

